1.90476 0.00000
6.19048 0.31169
11.42857 0.31169
15.71429 0.31169
21.42857 2.18182
27.14286 5.61039
34.28571 10.28571
40.47619 15.27273
46.66667 19.94805
53.80952 25.55844
59.52381 31.16883
65.23810 36.46753
70.47619 41.14286
78.57143 47.68831
86.19048 54.54545
93.80952 61.09091
100.95238 67.94805
106.66667 76.36364
109.04762 84.77922
110.95238 93.19481
112.85714 104.41558
114.76190 111.58442
115.23810 116.57143
116.19048 120.00000
118.09524 124.36364
118.09524 129.03896
119.52381 123.11688
119.52381 118.12987
120.47619 114.38961
120.95238 100.67532
121.42857 98.80519
120.00000 94.75325
121.90476 88.83117
121.90476 84.46753
124.28571 80.72727
128.09524 80.72727
132.85714 81.97403
137.61905 82.28571
145.23810 84.15584
152.85714 85.71429
161.90476 88.20779
170.00000 90.07792
180.00000 92.57143
189.04762 94.44156
197.61905 96.00000
